7815290
7815285
7815279
7815274
7815273
7815255
7815249
7815248
7815247
7815245
7815241
7815238
7815237
7815234
7815233
7815230
7815227
7815222
7815210
7815198
7815191
7815190
7815183
7815179
7815165
7815162
7815161
7815150
7815144
7815139
7815134
7815109
7815107
7815106
7815102
7815083
7815076
7815068
7815056
7815038
7815036
7815035
7815029
7815014
7815002
7815001
7814965
7814963
7814953
7814937
7814914
7814909
7814906
7814902
7814882
7814874
7814840
7814839
7814838
7814836
7814815
7814806
7814782
7814781
7814763
7814746
7814743
7814725
7814721
7814688
7814686
7814681
7814608
7814606
7814583
7814576
7814572
7814568
7814566
7814534
7814526
7814524
7814514
7814500
7814496
7814488
7814476
7814466
7814465
7814448
7814423
7814416
7814397
7814376
7814369
7814367
7814366
7814355
7814354
7814331
7814321
7814314
7814312
7814302
7814295
7814269
7814215
7814194
7814187
7814184
7814172
7814163
7814155
7814154
7814150
7814146
7814144
7814116
7814115
7814094
7814091
7814089
7814083
7814057
7814039
7814023
7814020
7814005
7813998
7813997
7813992
7813979
7813973
7813968
7813906
7813904
7813889
7813870
7813869
7813851
7813844
7813809
7813798
7813783
7813772
7813765
7813754
7813749
7813738
7813722
7813720
7813715
7813713
7813701
7813682
7813678
7813661
7813639
7813635
7813593
7813592
7813583
7813568
7813561
7813556
7813549
7813543
7813541
7813535
7813532
7813528
7813516
7813490
7813479
7813463
7813461
7813451
7813439
7813432
7813417
7813416
7813404
7813396
7813394
7813339
7813338
7813332
7813329
7813328
7813317
7813313
7813310
7813304
7813303
7813296
7813283
7813276
7813268
7813239
7813235
7813227
7813216
7813204
7813197
7813196
7813192
7813180
7813160
7813144
7813128
7813112
7813082
7813070
7813052
7813048
7813030
7813014
7812953
7812946
7812930
7812909
7812893
7812846
7812843
7812812
7812811
7812794
7812786
7812764
7812757
7812756
7812754
7812749
7812711
7812698
7812696
7812690
7812688
7812683
7812677
7812652
7812645
7812635
7812619
7812609
7812586
7812567
7812552
7812535
7812498
7812491
7812488
7812480
7812477
7812462
7812454
7812445
7812432
7812430
7812419
7812415
7812404
7812401
7812400
7812394
7812388
7812380
7812354
7812348
7812347
7812341
7812339
7812334
7812327
7812323
7812315
7812301
7812296
7812272
7812251
7812241
7812238
7812237
7812219
7812213
7812209
7812204
7812199
7812194
7812192
7812190
7812188
7812185
7812182
7812178
7812166
7812161
7812159
7812156
7812148
7812133
7812131
7812130
7812114
7812102
7812099
7812089
7812084
7812066
7812059
7812048
7812028
7812027
7812024
7812018
7812011
7812001
7811998
7811988
7811987
7811981
7811976
7811974
7811972
7811967
7811964
7811947
7811941
7811935
7811934
7811931
7811924
7811922
7811887
7811873
7811857
7811851
7811839
7811835
7811832
7811831
7811806
7811801
7811782
7811779
7811770
7811760
7811749
7811748
7811728
7811720
7811716
7811696
7811689
7811674
7811667
7811659
7811650
7811648
7811647
7811644
7811640
7811631
7811628
7811627
7811603
7811597
7811596
7811592
7811586
7811558
7811544
7811542
7811537
7811533
7811523
7811499
7811498
7811482
7811479
7811466
7811455
7811452
7811436
7811422
7811420
7811418
7811412
7811409
7811404
7811403
7811388
7811372
7811360
7811352
7811347
7811344
7811341
7811337
7811334
7811326
7811308
7811303
7811293
7811288
7811282
7811275
7811268
7811260
7811242
7811241
7811218
7811204
7811203
7811192
7811186
7811184
7811179
7811154
7811151
7811150
7811145
7811144
7811139
7811130
7811109
7811107
7811105
7811099
7811089
7811087
7811073
7811072
7811062
7811058
7811057
7811052
7811036
7811031
7811025
7811023
7811016
7811008
7810998
7810967
7810962
7810942
7810935
7810926
7810913
7810911
7810896
7810892
7810878
7810861
7810852
7810851
7810844
7810840
7810839
7810838
7810836
7810832
7810813
7810799
7810798
7810788
7810784
7810781
7810780
7810776
7810775
7810763
7810736
7810727
7810725
7810718
7810711
7810704
7810701
7810682
7810680
7810403
7810390
7810386
7810385
7810383
7810382
7810378
7810364
7810362
7810351
7810337
7810315
7810313
7810310
7810304
7810300
7810294
7810292
7810290
7810285
7810274
7810269
7810263
7810260
7810257
7810246
7810229
7810223
7810218
7810211
7810210
7810207
7810203
7810194
7810172
7810153
7810145
7810120
7810115
7810114
7810113
7810106
7810099
7810091
7810080
7810079
7810040
7810037
7810032
7810023
7810020
7810009
7810005
7810002
7809997
7809989
7809985
7809984
7809967
7809955
7809954
7809953
7809948
7809939
7809938
7809930
7809927
7809922
7809921
7809893
7809889
7809886
7809877
7809876
7809871
7809867
7809861
7809858
7809856
7809855
7809852
7809845
7809843
7809839
7809830
7809827
7809819
7809810
7809809
7809808
7809794
7809791
7809786
7809784
7809783
7809782
7809766
7809762
7809747
7809728
7809726
7809713
7809710
7809706
7809705
7809704
7809697
7809696
7809692
7809687
7809685
7809681
7809680
7809673
7809672
7809662
7809655
7809649
7809647
7809644
7809640
7809636
7809627
7809626
7809618
7809612
7809607
7809601
7809600
7809587
7809578
7809577
7809575
7809561
7809551
7809543
7809529
7809524
7809515
7809512
7809510
7809504
7809498
7809482
7809475
7809448
7809446
7809444
7809442
7809421
7809410
7809409
7809406
7809404
7809402
7809388
7809386
7809381
7809377
7809372
7809368
7809337
7809335
7809333
7809328
7809313
7809310
7809305
7809303
7809283
7809280
7809277
7809273
7809263
7809258
7809252
7809247
7809231
7809224
7809219
7809200
7809196
7809191
7809182
7809181
7809178
7809175
7809167
7809161
7809153
7809151
7809136
7809133
7809127
7809120
7809108
7809107
7809105
7809098
7809094
7809084
7809082
7809079
7809070
7809064
7809062
7809061
7809056
7809055
7809038
7809028
7809025
7809024
7809020
7809015
7808988
7808981
7808979
7808977
7808965
7808958
7808951
7808945
7808933
7808926
7808924
7808906
7808896
7808891
7808873
7808861
7808855
7808842
7808830
7808829
7808828
7808825
7808820
7808817
7808815
7808814
7808810
7808797
7808785
7808779
7808775
7808755
7808754
7808738
7808700
7808680
7808678
7808677
7808669
7808630
7808621
7808614
7808601
7808583
7808565
7808562
7808558
7808556
7808547
7808542
7808538
7808529
7808530
7808517
7808516
7808515
7808513
7808506
7808505
7808501
7808467
7808460
7808449
7808442
7808441
7808440
7808439
7808438
7808432
7808421
7808397
7808395
7808391
7808381
7808379
7808375
7808369
7808347
7808334
7808330
7808321
7808319
7808289
7808281
7808256
7808255
7808247
7808246
7808243
7808232
7808229
7808227
7808213
7808202
7808183
7808165
7808164
7808156
7808150
7808142
7808128
7808122
7808108
7808098
7808097
7808091
7808076
7808074
7808073
7808071
7808056
7808042
7808022
7808018
7808015
7808003
7808002
7807996
7807991
7807986
7807965
7807964
7807962
7807957
7807955
7807942
7807929
7807914
7807913
7807904
7807894
7807886
7807878
7807875
7807873
7807856
7807853
7807843
7807840
7807816
7807815
7807774
7807747
7807733
7807717
7807710
7807708
7807702
7807684
7807676
7807664
7807656
7807616
7807611
7807608
7807590
7807580
7807576
7807564
7807562
7807561
7807557
7807556
7807550
7807539
7807510
7807509
7807508
7807493
7807471
7807461
7807454
7807452
7807448
7807446
7807429
7807428
7807422
7807421
7807379
7807357
7807340
7807338
7807335
7807302
7807290
7807289
7807282
7807259
7807243
7807238
7807237
7807235
7807218
7807217
7807215
7807209
7807207
7807201
7807185
7807171
7807157
7807153
7807125
7807122
7807121
7807103
7807102
7807097
7807088
7807080
7807075
7807061
7807057
7807053
7807049
7807046
7807031
7807024
7807023
7807017
7807014
7807012
7807010
7807004
7806999
7806998
7806986
7806972
7806963
7806945
7806911
7806908
7806907
7806894
7806887
7806880
7806868
7806849
7806844
7806839
7806838
7806829
7806799
7806797
7806793
7806786
7806773
7806765
7806753
7806752
7806750
7806743
7806741
7806739
7806727
7806697
7806691
7806689
7806615
7806607
7806597
7806589
7806579
7806576
7806575
7806571
7806569
7806567
7806556
7806548
7806540
7806535
7806528
7806524
7806511
7806503
7806499
7806480
7806474
7806467
7806463
7806458
7806456
7806451
7806449
7806443
7806440
7806439
7806424
7806413
7806401
7806383
7806375
7806371
7806366
7806360
7806354
7806350
7806346
7806342
7806329
7806318
7806306
7806289
7806288
7806283
7806269
7806255
7806252
7806245
7806242
7806238
7806231
7806217
7806213
7806210
7806208
7806202
7806194
7806185
7806180
7806176
7806162
7806159
7806157
7806147
7806145
7806143
7806128
7806120
7806114
7806112
7806109
7806106
7806102
7806100
7806099
7806098
7806092
7806079
7806076
7806071
7806070
7806068
7806067
7806062
7806054
7806046
7806045
7806035
7806033
7806030
7806028
7806023
7806016
7806010
7806002
7805995
7805978
7805967
7805963
7805957
7805954
7805947
7805944
7805925
7805924
7805922
7805921
7805911
7805897
7805877
7805865
7805857
7805842
7805839
7805825
7805813
7805795
7805772
7805769
7805739
7805731
7805727
7805726
7805705
7805702
7805697
7805687
7805686
7805684
7805683
7805679
7805676
7805661
7805655
7805654
7805653
7805650
7805636
7805627
7805619
7805606
7805599
7805594
7805585
7805571
7805570
7805569
7805563
7805551
7805540
7805539
7805532
7805524
7805522
7805521
7805498
7805496
7805493
7805489
7805487
7805481
7805469
7805448
7805426
7805421
7805420
7805417
7805408
7805403
7805402
7805389
7805386
7805379
7805378
7805375
7805370
7805364
7805361
7805346
7805342
7805335
7805329
7805328
7805321
7805319
7805313
7805298
7805295
7805292
7805289
7805286
7805283
7805274
7805272
7805270
7805267
7805265
7805259
7805258
7805254
7805246
7805232
7805230
7805229
7805224
7805213
7805210
7805199
7805194
7805188
7805186
7805185
7805183
7805178
7805176
7805152
7805144
7805143
7805142
7805139
7805119
7805107
7805087
7805085
7805079
7805058
7805056
7805052
7805042
7805038
7805037
7805030
7805027
7805021
7805003
7804999
7804990
7804989
7804988
7804983
7804982
7804976
7804973
7804951
7804941
7804929
7804919
7804916
7804915
7804909
7804906
7804904
7804881
7804880
7804876
7804874
7804872
7804867
7804862
7804856
7804854
7804848
7804845
7804843
7804839
7804838
7804832
7804829
7804823
7804800
7804793
7804783
7804782
7804780
7804778
7804767
7804756
7804747
7804743
7804742
7804738
7804734
7804731
7804729
7804717
7804715
7804714
7804704
7804701
7804695
7804693
7804682
7804678
7804677
7804672
7804649
7804648
7804639
7804631
7804624
7804620
7804608
7804603
7804581
7804561
7804553
7804538
7804535
7804534
7804529
7804524
7804521
7804514
7804512
7804491
7804467
7804465
7804461
7804459
7804458
7804439
7804427
7804413
7804404
7804379
7804377
7804369
7804364
7804359
7804357
7804355
7804352
7804350
7804315
7804312
7804302
7804301
7804297
7804285
7804271
7804269
7804262
7804246
7804241
7804237
7804236
7804226
7804213
7804208
7804200
7804196
7804191
7804189
7804187
7804171
7804162
7804155
7804151
7804150
7804147
7804143
7804141
7804139
7804135
7804108
7804104
7804097
7804095
7804080
7804072
7804070
7804068
7804058
7804045
7804043
7804033
7804031
7804028
7804022
7804018
7804014
7804004
7804003
7803995
7803984
7803983
7803979
7803955
7803951
7803949
7803946
7803942
7803941
7803939
7803933
7803928
7803903
7803897
7803896
7803889
7803884
7803879
7803876
7803853
7803851
7803848
7803847
7803831
7803830
7803820
7803812
7803809
7803808
7803806
7803802
7803798
7803786
7803776
7803764
7803761
7803755
7803750
7803741
7803735
7803734
7803731
7803730
7803729
7803728
7803717
7803710
7803700
7803695
7803688
7803683
7803675
7803672
7803666
7803657
7803646
7803623
7803621
7803614
7803612
7803609
7803598
7803572
7803569
7803560
7803547
7803544
7803538
7803530
7803529
7803524
7803507
7803496
7803494
7803491
7803490
7803489
7803488
7803486
7803476
7803474
7803470
7803441
7803431
7803424
7803404
7803402
7803394
7803393
7803390
7803388
7803386
7803370
7803342
7803338
7803321
7803317
7803304
7803299
7803291
7803290
7803289
7803288
7803285
7803281
7803278
7803277
7803272
7803271
7803250
7803234
7803219
7803215
7803213
7803204
7803203
7803194
7803193
7803191
7803186
7803179
7803163
7803159
7803140
7803122
7803115
7803112
7803107
7803078
7803057
7803046
7803044
7803041
7803040
7803037
7803027
7803026
7803024
7803010
7802997
7802986
7802980
7802974
7802971
7802967
7802965
7802964
7802953
7802951
7802950
7802939
7802933
7802925
7802918
7802913
7802902
7802901
7802897
7802887
7802880
7802829
7802828
7802824
7802822
7802813
7802808
7802801
7802790
7802779
7802777
7802769
7802763
7802759
7802750
7802745
7802717
7802714
7802713
7802698
7802654
7802640
7802634
7802633
7802612
7802564
7802554
7802547
7802531
7802526
7802525
7802522
7802501
7802486
7802480
7802472
7802458
7802453
7802439
7802438
7802434
7802423
7802415
7802414
7802407
7802398
7802385
7802371
7802366
7802359
7802327
7802311
7802309
7802282
7802265
7802252
7802243
7802242
7802238
7802236
7802229
7802211
7802206
7802200
7802188
7802187
7802159
7802143
7802138
7802136
7802135
7802131
7802129
7802114
7802110
7802101
7802097
7802096
7802087
7802053
7802046
7802044
7802042
7802036
7802031
7802029
7802026
7802018
7802007
7801985
7801981
7801964
7801963
7801953
7801938
7801935
7801926
7801924
7801891
7801883
7801876
7801870
7801855
7801840
7801837
7801834
7801824
7801823
7801813
7801807
7801796
7801788
7801786
7801784
7801778
7801757
7801735
7801715
7801713
7801702
7801701
7801700
7801697
7801667
7801661
7801658
7801654
7801646
7801642
7801622
7801617
7801587
7801575
7801570
7801563
7801560
7801555
7801527
7801518
7801486
7801474
7801467
7801459
7801455
7801442
7801431
7801420
7801403
7801398
7801378
7801364
7801351
7801339
7801334
7801332
7801311
7801299
7801294
7801285
7801277
7801271
7801266
7801254
7801241
7801224
7801212
7801188
7801173
7801149
7801147
7801143
7801136
7801133
7801131
7801116
7801094
7801084
7801080
7801075
7801063
7801062
7801057
7801048
7801028
7801022
7801021
7801011
7801005
7800999
7800988
7800979
7800977
7800975
7800972
7800966
7800964
7800962
7800953
7800941
7800936
7800932
7800928
7800890
7800867
7800866
7800850
7800844
7800839
7800830
7800825
7800818
7800811
7800787
7800779
7800774
7800770
7800763
7800761
7800756
7800752
7800751
7800750
7800735
7800730
7800721
7800696
7800679
7800644
7800643
7800625
7800622
7800615
7800612
7800608
7800605
7800594
7800587
7800583
7800580
7800579
7800570
7800567
7800555
7800554
7800528
7800524
7800521
7800496
7800485
7800481
7800478
7800457
7800452
7800445
7800424
7800420
7800417
7800414
7800413
7800396
7800387
7800383
7800380
7800375
7800374
7800346
7800342
7800341
7800307
7800298
7800282
7800279
7800272
7800271
7800264
7800263
7800261
7800260
7800258
7800257
7800256
7800255
7800215
7800195
7800194
7800184
7800176
7800166
7800139
7800135
7800133
7800121
7800118
7800110
7800088
7800064
7800038
7800023
7800021
7800017
7799999
7799995
7799991
7799980
7799968
7799956
7799952
7799904
7799902
7799881
7799866
7799845
7799824
7799823
7799821
7799807
7799800
7799799
7799789
7799782
7799770
7799763
7799743
7799735
7799724
7799715
7799710
7799698
7799695
7799690
7799687
7799678
7799673
7799655
7799652
7799644
7799642
7799634
7799624
7799622
7799617
7799605
7799592
7799586
7799580
7799579
7799574
7799573
7799567
7799560
7799557
7799543
7799522
7799520
7799499
7799497
7799484
7799475
7799464
7799444
7799442
7799440
7799430
7799426
7799424
7799414
7799411
7799408
7799405
7799393
7799377
7799375
7799374
7799364
7799359
7799338
7799323
7799315
7799314
7799308
7799304
7799291
7799290
7799288
7799287
7799282
7799278
7799270
7799269
7799263
7799262
7799261
7799249
7799240
7799238
7799237
7799225
7799215
7799213
7799211
7799210
7799205
7799202
7799201
7799191
7799182
7799180
7799179
7799178
7799170
7799158
7799140
7799133
7799127
7799126
7799125
7799123
7799120
7799110
7799108
7799104
7799094
7799093
7799080
7799077
7799076
7799072
7799066
7799054
7799050
7799043
7799038
7799034
7799031
7799022
7799012
7798992
7798991
7798976
7798970
7798964
7798963
7798961
7798955
7798953
7798945
7798936
7798927
7798923
7798921
7798919
7798918
7798903
7798896
7798892
7798890
7798888
7798885
7798883
7798865
7798860
7798858
7798850
7798846
7798843
7798834
7798833
7798823
7798797
7798793
7798790
7798771
7798767
7798766
7798760
7798743
7798725
7798717
7798710
7798709
7798704
7798701
7798695
7798672
7798667
7798665
7798648
7798642
7798641
7798640
7798635
7798616
7798596
7798595
7798593
7798547
7798545
7798537
7798530
7798529
7798521
7798519
7798476
7798472
7798462
7798459
7798452
7798449
7798443
7798441
7798430
7798427
7798411
7798390
7798386
7798382
7798381
7798375
7798374
7798347
7798338
7798325
7798316
7798304
7798274
7798268
7798216
7798166
7798163
7798145
7798139
7798112
7798106
7798093
7798082
7798074
7798063
7798054
7798045
7798044
7798035
7798021
7798014
7797985
7797984
7797979
7797971
7797962
7797953
7797937
7797933
7797932
7797928
7797916
7797911
7797910
7797908
7797902
7797889
7797859
7797851
7797848
7797838
7797837
7797813
7797806
7797795
7797790
7797787
7797785
7797770
7797768
7797760
7797757
7797756
7797749
7797723
7797697
7797696
7797683
7797680
7797665
7797655
7797649
7797646
7797619
7797613
7797610
7797606
7797596
7797593
7797541
7797523
7797510
7797502
7797492
7797489
7797483
7797464
7797452
7797451
7797435
7797430
7797401
7797387
7797384
7797380
7797367
7797363
7797361
7797355
7797354
7797349
7797342
7797335
7797318
7797317
7797301
7797292
7797288
7797282
7797265
7797237
7797225
7797218
7797206
7797205
7797193
7797177
7797174
7797155
7797140
7797138
7797133
7797116
7797112
7797107
7797097
7797092
7797087
7797082
7797075
7797062
7797053
7797048
7797037
7797032
7797025
7797019
7797011
7797003
7796999
7796983
7796961
7796959
7796954
7796946
7796937
7796931
7796910
7796909
7796898
7796886
7796866
7796849
7796844
7796841
7796839
7796836
7796834
7796830
7796817
7796809
7796796
7796795
7796794
7796776
7796775
7796774
7796772
7796763
7796760
7796752
7796748
7796738
7796736
7796732
7796721
7796696
7796670
7796665
7796664
7796644
7796624
7796617
7796610
7796601
7796597
7796587
7796583
7796577
7796562
7796539
7796529
7796528
7796519
7796512
7796506
7796505
7796496
7796483
7796457
7796456
7796450
7796449
7796448
7796428
7796426
7796419
7796411
7796397
7796395
7796385
7796378
7796373
7796368
7796358
7796352
7796348
7796344
7796336
7796335
7796327
7796314
7796304
7796292
7796285
7796268
7796259
7796257
7796256
7796237
7796229
7796222
7796220
7796196
7796192
7796190
7796170
7796167
7796166
7796162
7796161
7796160
7796150
7796149
7796147
7796143
7796142
7796140
7796136
7796126
7796123
7796117
7796109
7796097
7796090
7796088
7796083
7796079
7796072
7796060
7796057
7796052
7796046
7796036
7796024
7795981
7795979
7795977
7795970
7795969
7795955
7795954
7795946
7795932
7795930
7795924
7795915
7795909
7795906
7795895
7795870
7795868
7795854
7795846
7795839
7795832
7795824
7795813
7795811
7795805
7795793
7795792
7795755
7795745
7795723
7795704
7795692
7795691
7795687
7795673
7795668
7795657
7795652
7795621
7795616
7795600
7795577
7795574
7795572
7795570
7795566
7795564
7795526
7795524
7795506
7795480
7795419
7795408
7795380
7795372
7795356
7795349
7795347
7795338
7795332
7795330
7795324
7795322
7795300
7795299
7795294
7795287
7795269
7795267
7795265
7795258
7795256
7795247
7795216
7795208
7795205
7795198
7795189
7795179
7795167
7795152
7795143
7795120
7795103
7795087
7795085
7795072
7795061
7795035
7795011
7795003
7794999
7794956
7794934
7794931
7794919
7794888
7794884
7794860
7794858
7794856
7794850
7794827
7794777
7794744
7794699
7794684
7794660
7794621
7794607
7794598
7794589
7794563
7794561
7794529
7794518
7794507
7794505
7794499
7794484
7794474
7794468
7794462
7794447
7794428
7794427
7794406
7794399
7794361
7794346
7794341
7794336
7794332
7794327
7794322
7794316
7794260
7794253
7794252
7794242
7794227
7794209
7794190
7794175
7794161
7794157
7794134
7794132
7794130
7794121
7794114
7794105
7794101
7794096
7794089
7794078
7794065
7794052
7794050
7794044
7794040
7794035
7794027
7794025
7794024
7794020
7794016
7794013
7794008
7793989
7793986
7793980
7793974
7793970
7793948
7793946
7793943
7793931
7793904
7793903
7793896
7793888
7793866
7793860
7793854
7793842
7793838
7793837
7793834
7793832
7793808
7793799
7793790
7793778
7793747
7793738
7793726
7793717
7793712
7793710
7793709
7793706
7793695
7793683
7793681
7793675
7793666
7793661
7793658
7793624
7793623
7793609
7793605
7793601
7793579
7793578
7793570
7793532
7793528
7793519
7793501
7793487
7793475
7793469
7793439
7793435
7793421
7793420
7793409
7793406
7793402
7793400
7793399
7793397
7793395
7793386
7793370
7793363
7793362
7793355
7793342
7793323
7793305
7793278
7793267
7793264
7793255
7793254
7793245
7793244
7793236
7793233
7793231
7793228
7793227
7793225
7793220
7793215
7793212
7793194
7793192
7793177
7793173
7793166
7793158
7793154
7793147
7793140
7793134
7793110
7793106
7793100
7793098
7793091
7793090
7793085
7793071
7793068
7793067
7793055
7793048
7793033
7793023
7793019
7793006
7793005
7793004
7793003
7792998
7792986
7792983
7792981
7792973
7792965
7792963
7792960
7792941
7792933
7792931
7792927
7792916
7792911
7792907
7792900
7792887
7792870
7792867
7792863
7792847
7792845
7792841
7792840
7792839
7792837
7792825
7792817
7792813
7792805
7792795
7792776
7792771
7792753
7792731
7792729
7792723
7792703
7792685
7792675
7792645
7792643
7792638
7792626
7792597
7792590
7792581
7792573
7792490
7792484
7792475
7792465
7792462
7792454
7792451
7792449
7792441
7792422
7792418
7792416
7792403
7792385
7792379
7792372
7792370
7792369
7792362
7792356
7792348
7792345
7792329
7792288
7792274
7792269
7792266
7792238
7792233
7792230
7792228
7792227
7792219
7792214
7792205
7792201
7792199
7792196
7792188
7792187
7792162
7792151
7792131
7792118
7792115
7792104
7792081
7792079
7792072
7792029
7792027
7792025
7792018
7792009
7792005
7792003
7792000
7791987
7791986
7791974
7791970
7791958
7791949
7791929
7791900
7791889
7791883
7791881
7791873
7791868
7791849
7791841
7791827
7791816
7791811
7791790
7791727
7791696
7791689
7791685
7791681
7791661
7791655
7791649
7791643
7791608
7791603
7791589
7791576
7791566
7791557
7791554
7791550
7791533
7791518
7791517
7791500
7791459
7791458
7791449
7791434
7791424
7791423
7791382
7791379
7791371
7791354
7791350
7791317
7791269
7791266
7791250
7791240
7791231
7791230
7791226
7791206
7791203
7791196
7791194
7791174
7791167
7791158
7791138
7791119
7791115
7791110
7791109
7791099
7791097
7791081
7791075
7791071
7791049
7791040
7791038
7791036
7791027
7791018
7791016
7791014
7791013
7790992
7790976
7790975
7790968
7790957
7790944
7790940
7790939
7790900
7790897
7790893
7790882
7790881
7790864
7790861
7790857
7790853
7790852
7790848
7790842
7790809
7790806
7790804
7790802
7790801
7790797
7790788
7790783
7790775
7790772
7790762
7790760
7790755
7790748
7790746
7790745
7790743
7790741
7790736
7790735
7790729
7790718
7790716
7790705
7790688
7790684
7790683
7790675
7790672
7790666
7790656
7790655
7790632
7790619
7790616
7790599
7790598
7790589
7790583
7790572
7790561
7790548
7790538
7790527
7790526
7790522
7790512
7790488
7790480
7790477
7790476
7790462
7790450
7790449
7790440
7790434
7790427
7790425
7790416
7790415
7790413
7790412
7790404
7790401
7790394
7790393
7790385
7790366
7790363
7790353
7790322
7790320
7790313
7790308
7790298
7790295
7790289
7790277
7790273
7790265
7790261
7790260
7790246
7790243
7790240
7790228
7790227
7790216
7790212
7790205
7790204
7790194
7790185
7790160
7790155
7790151
7790149
7790137
7790136
7790131
7790124
7790108
7790103
7790102
7790100
7790097
7790096
7790087
7790080
7790075
7790072
7790067
7790065
7790062
7790052
7790051
7790048
7790034
7790033
7790032
7790025
7790014
7790004
7789995
7789992
7789988
7789983
7789977
7789976
7789965
7789959
7789957
7789954
7789949
7789941
7789937
7789929
7789927
7789917
7789897
7789878
7789870
7789866
7789863
7789859
7789858
7789849
7789846
7789826
7789823
7789815
7789811
7789801
7789794
7789792
7789791
7789767
7789763
7789760
7789758
7789756
7789753
7789748
7789747
7789744
7789739
7789734
7789731
7789720
7789715
7789714
7789710
7789708
7789704
7789698
7789693
7789690
7789679
7789672
7789664
7789657
7789654
7789648
7789641
7789634
7789633
7789631
7789630
7789621
7789609
7789606
7789605
7789599
7789594
7789590
7789588
7789579
7789572
7789562
7789547
7789535
7789533
7789525
7789522
7789519
7789497
7789496
7789486
7789477
7789470
7789459
7789457
7789451
7789449
7789447
7789419
7789418
7789414
7789411
7789409
7789407
7789405
7789404
7789403
7789398
7789389
7789386
7789381
7789378
7789377
7789375
7789372
7789363
7789361
7789360
7789359
7789350
7789345
7789326
7789322
7789311
7789294
7789285
7789282
7789270
7789258
7789246
7789243
7789225
7789224
7789216
7789209
7789207
7789199
7789184
7789180
7789164
7789162
7789147
7789139
7789135
7789131
7789121
7789116
7789115
7789097
7789081
7789074
7789064
7789055
7789027
7789026
7789021
7789016
7789015
7789014
7789006
7788973
7788965
7788958
7788956
7788954
7788949
7788935
7788932
7788913
7788903
7788881
7788878
7788874
7788870
7788864
7788835
7788815
7788809
7788804
7788797
7788793
7788789
7788786
7788780
7788777
7788773
7788755
7788753
7788751
7788749
7788747
7788744
7788739
7788735
7788722
7788711
7788705
7788704
7788702
7788695
7788679
7788678
7788671
7788664
7788604
7788594
7788593
7788589
7788588
7788579
7788577
7788575
7788564
7788550
7788543
7788539
7788538
7788532
7788531
7788529
7788528
7788527
7788526
7788522
7788521
7788514
7788512
7788506
7788505
7788475
7788466
7788428
7788425
7788422
7788419
7788416
7788413
7788411
7788410
7788408
7788407
7788391
7788388
7788383
7788382
7788381
7788375
7788369
7788367
7788364
7788362
7788352
7788349
7788348
7788339
7788337
7788335
7788333
7788330
7788329
7788327
7788324
7788318
7788315
7788302
7788296
7788295
7788280
7788278
7788274
7788270
7788259
7788248
7788247
7788246
7788245
7788240
7788237
7788233
7788204
7788201
7788200
7788196
7788192
7788190
7788189
7788178
7788176
7788166
7788164
7788162
7788150
7788149
7788126
7788117
7788106
7788105
7788083
7788057
7788055
7788033
7788011
7788006
7787991
7787965
7787957
7787954
7787942
7787917
7787914
7787898
7787890
7787870
7787859
7787854
7787851
7787848
7787818
7787813
7787798
7787789
7787784
7787783
7787766
7787761
7787750
7787718
7787717
7787712
7787707
7787705
7787696
7787692
7787678
7787666
7787662
7787655
7787640
7787633
7787610
7787601
7787575
7787570
7787550
7787526
7787488
7787487
7787486
7787478
7787463
7787452
7787435
7787428
7787424
7787421
7787414
7787412
7787409
7787403
7787397
7787394
7787384
7787369
7787363
7787362
7787354
7787337
7787326
7787315
7787309
7787307
7787295
7787288
7787279
7787264
7787263
7787227
7787213
7787210
7787204
7787196
7787185
7787170
7787166
7787164
7787159
7787154
7787148
7787107
7787101
7787086
7787083
7787078
7787034
7787019
7787016
7787011
7787010
7786997
7786983
7786962
7786952
7786943
7786936
7786927
7786920
7786918
7786910
7786907
7786897
7786891
7786884
7786863
7786848
7786832
7786800
7786795
7786794
7786791
7786771
7786754
7786753
7786752
7786748
7786746
7786720
7786718
7786696
7786690
7786684
7786669
7786665
7786663
7786660
7786619
7786611
7786585
7786580
7786572
7786570
7786567
7786557
7786554
7786552
7786549
7786541
7786516
7786503
7786484
7786483
7786474
7786426
7786389
7786382
7786381
7786379
7786366
7786363
7786350
7786347
7786343
7786338
7786335
7786323
7786318
7786314
7786311
7786308
7786307
7786297
7786266
7786256
7786252
7786245
7786242
7786240
7786226
7786219
7786195
7786178
7786169
7786159
7786145
7786138
7786131
7786129
7786113
7786089
7786066
7786047
7786040
7786036
7786017
7785991
7785985
7785981
7785973
7785944
7785937
7785935
7785932
7785918
7785911
7785909
7785905
7785901
7785894
7785881
7785877
7785866
7785858
7785850
7785849
7785844
7785830
7785825
7785822
7785811
7785802
7785795
7785790
7785788
7785785
7785784
7785782
7785769
7785758
7785754
7785734
7785718
7785707
7785681
7785673
7785669
7785664
7785633
7785624
7785614
7785606
7785582
7785553
7785549
7785526
7785495
7785482
7785475
7785468
7785456
7785450
7785436
7785434
7785416
7785415
7785402
7785388
7785375
7785360
7785351
7785344
7785343
7785307
7785305
7785287
7785276
7785273
7785271
7785269
7785256
7785241
7785237
7785228
7785227
7785202
7785190
7785181
7785163
7785157
7785149
7785147
7785146
7785134
7785133
7785119
7785113
7785106
7785105
7785082
7785079
7785063
7785062
7785058
7785053
7785048
7785032
7785025
7785021
7785016
7785009
7785005
7785003
7785001
7784993
7784992
7784989
7784985
7784983
7784981
7784965
7784958
7784957
7784949
7784934
7784920
7784918
7784913
7784908
7784905
7784899
7784896
7784874
7784873
7784868
7784864
7784835
7784823
7784822
7784806
7784794
7784791
7784789
7784782
7784774
7784767
7784766
7784762
7784753
7784751
7784739
7784730
7784725
7784718
7784713
7784711
7784705
7784695
7784687
7784680
7784679
7784662
7784661
7784656
7784647
7784639
7784633
7784616
7784609
7784608
7784599
7784592
7784590
7784582
7784580
7784575
7784569
7784567
7784563
7784540
7784536
7784517
7784516
7784511
7784504
7784501
7784490
7784489
7784467
7784466
7784461
7784456
7784453
7784438
7784433
7784430
7784413
7784407
7784401
7784373
7784370
7784354
7784351
7784348
7784346
7784337
7784334
7784327
7784320
7784315
7784304
7784300
7784288
7784280
7784274
7784260
7784256
7784245
7784243
7784236
7784217
7784215
7784211
7784210
7784206
7784197
7784192
7784183
7784178
7784156
7784149
7784144
7784139
7784133
7784126
7784120
7784117
7784107
7784106
7784104
7784100
7784098
7784096
7784079
7784077
7784076
7784075
7784074
7784073
7784072
7784061
7784052
7784043
7784041
7784024
7784023
7784019
7784018
7784015
7784011
7784006
7784003
7784000
7783990
7783987
7783980
7783976
7783972
7783969
7783965
7783959
7783957
7783956
7783947
7783940
7783932
7783928
7783925
7783919
7783909
7783898
7783894
7783877
7783865
7783857
7783851
7783849
7783848
7783842
7783821
7783816
7783801
7783791
7783785
7783782
7783781
7783777
7783758
7783718
7783716
7783712
7783694
7783692
7783685
7783679
7783664
7783662
7783637
7783623
7783620
7783609
7783590
7783589
7783588
7783579
7783577
7783574
7783564
7783556
7783543
7783538
7783531
7783520
7783519
7783517
7783508
7783507
7783505
7783501
7783485
7783464
7783448
7783442
7783441
7783430
7783421
7783420
7783417
7783411
7783403
7783400
7783390
7783386
7783383
7783381
7783364
7783349
7783340
7783335
7783334
7783332
7783321
7783319
7783306
7783305
7783303
7783301
7783293
7783286
7783282
7783278
7783277
7783268
7783266
7783262
7783253
7783252
7783251
7783246
7783239
7783236
7783234
7783228
7783226
7783215
7783214
7783210
7783201
7783189
7783186
7783184
7783165
7783164
7783163
7783160
7783151
7783149
7783145
7783130
7783120
7783104
7783084
7783075
7783074
7783070
7783062
7783057
7783031
7783012
7783010
7783009
7783004
7783001
7782995
7782992
7782979
7782966
7782948
7782943
7782940
7782938
7782920
7782913
7782907
7782858
7782844
7782831
7782826
7782824
7782821
7782819
7782813
7782808
7782806
7782783
7782781
7782761
7782753
7782739
7782738
7782728
7782721
7782717
7782707
7782702
7782685
7782683
7782680
7782676
7782674
7782667
7782661
7782659
7782654
7782648
7782644
7782642
7782625
7782620
7782602
7782600
7782597
7782595
7782591
7782568
7782565
7782540
7782539
7782528
7782521
7782518
7782511
7782508
7782506
7782505
7782495
7782491
7782481
7782462
7782441
7782437
7782428
7782425
7782394
7782379
7782375
7782357
7782346
7782338
7782330
7782324
7782322
7782307
7782300
7782293
7782282
7782280
7782277
7782270
7782269
7782257
7782254
7782237
7782224
7782221
7782213
7782208
7782206
7782178
7782176
7782174
7782122
7782113
7782110
7782100
7782079
7782060
7782045
7781990
7781989
7781986
7781982
7781976
7781956
7781954
7781937
7781912
7781902
7781888
7781881
7781878
7781863
7781846
7781842
7781828
7781814
7781806
7781804
7781794
7781790
7781775
7781751
7781750
7781743
7781738
7781735
7781729
7781725
7781722
7781711
7781664
7781663
7781637
7781634
7781631
7781630
7781615
7781608
7781596
7781584
7781581
7781567
7781563
7781546
7781527
7781484
7781464
7781452
7781451
7781449
7781442
7781427
7781425
7781407
7781404
7781385
7781381
7781377
7781368
7781351
7781348
7781346
7781334
7781330
7781311
7781308
7781307
7781302
7781292
7781286
7781277
7781265
7781254
7781247
7781246
7781238
7781227
7781222
7781214
7781211
7781207
7781206
7781205
7781186
7781172
7781169
7781161
7781152
7781151
7781130
7781117
7781114
7781104
7781102
7781101
7781097
7781095
7781091
7781089
7781085
7781084
7781083
7781073
7781067
7781062
7781053
7781042
7781034
7781033
7781032
7781024
7781018
7781015
7781014
7781010
7781009
7781000
7780986
7780984
7780982
7780978
7780974
7780971
7780967
7780960
7780936
7780934
7780911
7780893
7780880
7780859
7780839
7780838
7780836
7780831
7780827
7780820
7780819
7780810
7780806
7780804
7780803
7780795
7780792
7780790
7780789
7780788
7780787
7780781
7780779
7780773
7780759
7780757
7780746
7780744
7780735
7780724
7780719
7780716
7780714
7780712
7780703
7780673
7780672
7780633
7780626
7780622
7780618
7780611
7780597
7780584
7780579
7780565
7780562
7780552
7780548
7780541
7780540
7780522
7780514
7780512
7780504
7780502
7780491
7780488
7780481
7780476
7780464
7780457
7780456
7780455
7780449
7780448
7780439
7780430
7780420
7780419
7780410
7780401
7780395
7780394
7780393
7780391
7780385
7780383
7780379
7780359
7780353
7780349
7780348
7780345
7780336
7780334
7780332
7780309
7780299
7780296
7780282
7780269
7780258
7780254
7780249
7780238
7780227
7780219
7780216
7780206
7780204
7780168
7780166
7780165
7780161
7780155
7780125
7780124
7780108
7780100
7780089
7780085
7780083
7780077
7780067
7780054
7780035
7780029
7780022
7780019
7780011
7780000
7779999
7779993
7779987
7779979
7779974
7779969
7779955
7779948
7779940
7779929
7779927
7779923
7779915
7779911
7779906
7779904
7779899
7779897
7779896
7779892
7779866
7779839
7779829
7779825
7779807
7779797
7779786
7779775
7779768
7779760
7779757
7779735
7779731
7779730
7779728
7779705
7779670
7779657
7779656
7779645
7779641
7779637
7779596
7779589
7779579
7779575
7779551
7779546
7779525
7779522
7779516
7779513
7779498
7779492
7779491
7779482
7779474
7779447
7779436
7779433
7779419
7779418
7779413
7779411
7779406
7779405
7779404
7779402
7779390
7779380
7779375
7779370
7779357
7779354
7779353
7779347
7779342
7779316
7779302
7779300
7779288
7779287
7779278
7779272
7779271
7779237
7779233
7779232
7779231
7779226
7779220
7779209
7779206
7779198
7779197
7779195
7779189
7779186
7779164
7779147
7779132
7779129
7779125
7779115
7779109
7779102
7779100
7779085
7779082
7779077
7779064
7779054
7779045
7779043
7779037
7779020
7779010
7779007
7779003
7779000
7778995
7778992
7778991
7778985
7778979
7778978
7778972
7778960
7778956
7778952
7778946
7778944
7778938
7778924
7778918
7778911
7778900
7778892
7778889
7778877
7778872
7778868
7778859
7778844
7778832
7778830
7778788
7778787
7778774
7778773
7778758
7778756
7778754
7778752
7778723
7778695
7778691
7778690
7778688
7778685
7778676
7778671
7778666
7778645
7778639
7778638
7778611
7778604
7778601
7778598
7778595
7778592
7778566
7778564
7778560
7778557
7778546
7778540
7778537
7778536
7778531
7778510
7778504
7778492
7778483
7778478
7778461
7778459
7778456
7778447
7778441
7778440
7778434
7778429
7778420
7778418
7778387
7778386
7778361
7778360
7778348
7778318
7778314
7778299
7778291
7778286
7778283
7778276
7778274
7778267
7778263
7778257
7778247
7778239
7778235
7778214
7778209
7778203
7778193
7778183
7778164
7778162
7778159
7778137
7778125
7778117
7778114
7778110
7778106
7778102
7778096
7778080
7778072
7778063
7778060
7778051
7778050
7778048
7778014
7778013
7778005
7777997
7777978
7777976
7777969
7777966
7777965
7777963
7777959
7777956
7777939
7777938
7777920
7777917
7777891
7777876
7777874
7777872
7777869
7777857
7777852
7777851
7777831
7777829
7777823
7777807
7777802
7777797
7777790
7777766
7777759
7777739
7777730
7777726
7777712
7777711
7777710
7777709
7777702
7777698
7777693
7777680
7777676
7777669
7777663
7777662
7777649
7777640
7777639
7777634
7777631
7777612
7777610
7777608
7777605
7777604
7777557
7777552
7777551
7777548
7777547
7777543
7777535
7777534
7777527
7777522
7777520
7777515
7777498
7777481
7777471
7777458
7777455
7777439
7777437
7777434
7777431
7777415
7777407
7777397
7777396
7777393
7777369
7777353
7777349
7777348
7777343
7777335
7777323
7777305
7777303
7777299
7777297
7777287
7777276
7777274
7777269
7777263
7777257
7777255
7777232
7777221
7777219
7777209
7777198
7777189
7777185
7777184
7777182
7777174
7777167
7777162
7777156
7777155
7777149
7777142
7777137
7777135
7777131
7777129
7777120
7777096
7777095
7777085
7777083
7777081
7777077
7777075
7777073
7777070
7777051
7777048
7777040
7777024
7777017
7777008
7777007
7777002
7776998
7776997
7776993
7776983
7776982
7776972
7776967
7776965
7776956
7776950
7776949
7776948
7776942
7776939
7776938
7776937
7776935
7776933
7776931
7776920
7776916
7776914
7776910
7776894
7776892
7776890
7776882
7776861
7776854
7776850
7776848
7776841
7776838
7776837
7776831
7776821
7776810
7776802
7776796
7776795
7776769
7776756
7776752
7776748
7776740
7776735
7776723
7776722
7776721
7776720
7776715
7776714
7776709
7776704
7776702
7776700
7776672
7776664
7776663
7776661
7776659
7776658
7776649
7776646
7776638
7776636
7776632
7776631
7776619
7776613
7776612
7776605
7776601
7776596
7776595
7776593
7776591
7776589
7776587
7776579
7776573
7776564
7776548
7776537
7776528
7776526
7776484
7776481
7776480
7776476
7776462
7776457
7776444
7776438
7776426
7776419
7776402
7776401
7776392
7776389
7776379
7776371
7776354
7776352
7776349
7776348
7776338
7776337
7776330
7776320
7776309
7776305
7776298
7776290
7776285
7776282
7776266
7776254
7776210
7776203
7776198
7776192
7776181
7776174
7776170
7776160
7776159
7776155
7776148
7776131
7776119
7776112
7776107
7776101
7776099
7776084
7776083
7776074
7776067
7776060
7776058
7776057
7776053
7776049
7776031
7776028
7776004
7776002
7775973
7775965
7775961
7775949
7775928
7775914
7775877
7775870
7775854
7775826
7775801
7775785
7775784
7775779
7775737
7775721
7775719
7775693
7775659
7775653
7775651
7775638
7775626
7775615
7775611
7775588
7775573
7775572
7775567
7775565
7775555
7775530
7775526
7775522
7775504
7775503
7775487
7775486
7775467
7775465
7775442
7775437
7775433
7775430
7775429
7775410
7775399
7775372
7775366
7775356
7775353
7775348
7775343
7775333
7775329
7775308
7775292
7775291
7775288
7775268
7775261
7775238
7775227
7775210
7775206
7775205
7775203
7775196
7775165
7775163
7775160
7775119
7775112
7775108
7775107
7775104
7775103
7775092
7775087
7775083
7775076
7775074
7775062
7775047
7775036
7775020
7775015
7775000
7774991
7774989
7774954
7774938
7774933
7774928
7774898
7774890
7774875
7774870
7774867
7774864
7774850
7774849
7774847
7774839
7774831
7774826
7774825
7774822
7774820
7774815
7774814
7774813
7774803
7774801
7774787
7774773
7774739
7774708
7774692
7774690
7774675
7774661
7774660
7774657
7774653
7774615
7774610
7774608
7774603
7774602
7774600
7774596
7774593
7774591
7774590
7774556
7774549
7774542
7774524
7774504
7774503
7774501
7774492
7774491
7774471
7774469
7774463
7774459
7774457
7774456
7774445
7774437
7774434
7774420
7774400
7774395
7774390
7774377
7774375
7774344
7774343
7774314
7774302
7774293
7774279
7774277
7774275
7774266
7774262
7774257
7774255
7774241
7774233
7774229
7774225
7774216
7774212
7774203
7774198
7774195
7774185
7774182
7774181
7774172
7774170
7774167
7774166
7774164
7774158
7774137
7774131
7774126
7774123
7774117
7774111
7774094
7774092
7774090
7774076
7774068
7774056
7774049
7774029
7774023
7774016
7774013
7774009
7774003
7773999
7773996
7773991
7773987
7773980
7773966
7773953
7773948
7773943
7773926
7773922
7773918
7773900
7773893
7773886
7773883
7773882
7773881
7773878
7773869
7773864
7773853
7773846
7773840
7773828
7773826
7773822
7773812
7773808
7773801
7773791
7773772
7773763
7773762
7773761
7773760
7773757
7773749
7773741
7773737
7773703
7773698
7773697
7773693
7773676
7773674
7773663
7773658
7773656
7773638
7773634
7773623
7773622
7773620
7773618
7773617
7773585
7773583
7773579
7773577
7773567
7773565
7773559
7773554
7773551
7773550
7773548
7773540
7773532
7773516
7773511
7773508
7773490
7773469
7773458
7773457
7773453
7773450
7773447
7773445
7773439
7773437
7773429
7773425
7773412
7773403
7773391
7773386
7773379
7773366
7773364
7773348
7773347
7773342
7773336
7773331
7773321
7773318
7773314
7773313
7773299
7773291
7773290
7773289
7773286
7773275
7773271
7773267
7773265
7773264
7773261
7773258
7773253
7773252
7773250
7773248
7773245
7773237
7773223
7773209
7773201
7773196
7773188
7773173
7773164
7773161
7773158
7773156
7773147
7773137
7773132
7773127
7773121
7773117
7773115
7773113
7773109
7773107
7773096
7773092
7773089
7773087
7773084
7773076
7773075
7773073
7773071
7773062
7773057
7773049
7773042
7773039
7773031
7773026
7773025
7773024
7773020
7773013
7773006
7772995
7772991
7772988
7772982
7772976
7772970
7772965
7772963
7772960
7772957
7772947
7772932
7772914
7772897
7772895
7772889
7772888
7772887
7772884
7772842
7772825
7772815
7772805
7772803
7772801
7772786
7772783
7772770
7772768
7772760
7772759
7772753
7772727
7772723
7772721
7772708
7772696
7772695
7772692
7772682
7772674
7772660
7772653
7772650
7772612
7772606
7772605
7772604
7772600
7772597
7772596
7772592
7772591
7772587
7772585
7772583
7772573
7772566
7772558
7772557
7772552
7772551
7772543
7772539
7772525
7772520
7772515
7772505
7772494
7772484
7772480
7772475
7772468
7772462
7772454
7772452
7772440
7772434
7772431
7772422
7772415
7772413
7772409
7772408
7772406
7772404
7772390
7772387
7772384
7772382
7772371
7772368
7772367
7772365
7772362
7772361
7772357
7772341
7772336
7772334
7772316
7772309
7772305
7772303
7772298
7772294
7772284
7772278
7772270
7772264
7772260
7772258
7772245
7772243
7772233
7772223
7772221
7772215
7772212
7772210
7772206
7772191
7772190
7772187
7772186
7772181
7772177
7772168
7772167
7772165
7772162
7772156
7772152
7772146
7772141
7772140
7772137
7772134
7772132
7772128
7772126
7772112
7772101
7772095
7772085
7772074
7772066
7772065
7772062
7772061
7772051
7772047
7772044
7772039
7772038
7772031
7772030
7772025
7772021
7772020
7772019
7772018
7772015
7772000
7771994
7771977
7771967
7771964
7771959
7771949
7771937
7771920
7771909
7771901
7771900
7771897
7771886
7771881
7771880
7771879
7771878
7771877
7771875
7771871
7771868
7771865
7771864
7771859
7771854
7771844
7771840
7771833
7771826
7771819
7771812
7771810
7771808
7771804
7771803
7771801
7771800
7771799
7771796
7771783
7771782
7771777
7771765
7771761
7771755
7771746
7771741
7771732
7771724
7771721
7771714
7771712
7771707
7771705
7771702
7771700
7771695
7771691
7771690
7771687
7771682
7771681
7771670
7771665
7771650
7771644
7771641
7771637
7771614
7771611
7771610
7771607
7771604
7771593
7771590
7771589
7771588
7771562
7771561
7771558
7771549
7771539
7771529
7771524
7771523
7771521
7771518
7771510
7771494
7771486
7771480
7771479
7771474
7771473
7771465
7771459
7771452
7771441
7771438
7771434
7771429
7771423
7771408
7771406
7771388
7771387
7771386
7771377
7771374
7771367
7771362
7771359
7771347
7771344
7771334
7771333
7771326
7771320
7771298
7771297
7771296
7771293
7771290
7771271
7771270
7771263
7771258
7771250
7771249
7771240
7771223
7771216
7771204
7771202
7771199
7771194
7771192
7771172
7771168
7771155
7771149
7771139
7771132
7771128
7771117
7771116
7771101
7771098
7771088
7771078
7771071
7771054
7771049
7771044
7771021
7771019
7770997
7770996
7770987
7770986
7770977
7770961
7770950
7770939
7770930
7770909
7770904
7770903
7770887
7770875
7770870
7770864
7770859
7770858
7770856
7770849
7770834
7770820
7770813
7770807
7770779
7770773
7770751
7770727
7770724
7770722
7770719
7770713
7770709
7770705
7770704
7770703
7770702
7770696
7770691
7770683
7770665
7770652
7770644
7770639
7770599
7770581
7770570
7770556
7770547
7770545
7770528
7770521
7770486
7770479
7770462
7770461
7770456
7770452
7770447
7770444
7770437
7770432
7770422
7770398
7770376
7770362
7770339
7770333
7770306
7770283
7770276
7770273
7770250
7770249
7770241
7770236
7770208
7770187
7770180
7770153
7770125
7770095
7770078
7770062
7770060
7770030
7770014
7770010
7770006
7769999
7769984
7769967
7769964
7769956
7769953
7769937
7769932
7769927
7769925
7769922
7769919
7769911
7769910
7769893
7769888
7769882
7769878
7769872
7769867
7769866
7769862
7769856
7769852
7769848
7769845
7769841
7769837
7769834
7769826
7769794
7769792
7769782
7769774
7769769
7769759
7769758
7769743
7769714
7769697
7769694
7769691
7769665
7769656
7769650
7769647
7769645
7769644
7769636
7769623
7769611
7769603
7769587
7769580
7769578
7769574
7769568
7769561
7769560
7769541
7769539
7769532
7769518
7769509
7769508
7769506
7769481
7769469
7769467
7769461
7769451
7769441
7769435
7769407
7769405
7769402
7769399
7769391
7769387
7769380
7769374
7769366
7769360
7769357
7769352
7769346
7769335
7769331
7769329
7769319
7769313
7769312
7769305
7769303
7769282
7769278
7769275
7769273
7769270
7769266
7769265
7769258
7769251
7769240
7769232
7769231
7769228
7769180
7769178
7769172
7769168
7769162
7769158
7769135
7769119
7769107
7769098
7769096
7769082
7769081
7769077
7769073
7769072
7769065
7769058
7769057
7769048
7769039
7769034
7769017
7769008
7769003
7769002
7769001
7768997
7768990
7768988
7768981
7768977
7768959
7768954
7768949
7768948
7768945
7768937
7768927
7768924
7768912
7768900
7768899
7768883
7768873
7768871
7768865
7768858
7768850
7768846
7768829
7768811
7768797
7768795
7768790
7768789
7768780
7768776
7768770
7768768
7768761
7768739
7768737
7768734
7768733
7768706
7768691
7768689
7768684
7768674
7768672
7768666
7768658
7768651
7768639
7768627
7768624
7768622
7768619
7768611
7768605
7768599
7768586
7768575
7768571
7768564
7768560
7768553
7768547
7768546
7768537
7768529
7768527
7768524
7768521
7768519
7768507
7768494
7768488
7768478
7768472
7768465
7768452
7768449
7768443
7768442
7768440
7768437
7768432
7768421
7768404
7768395
7768390
7768388
7768387
7768386
7768382
7768381
7768378
7768375
7768373
7768371
7768366
7768357
7768353
7768341
7768339
7768335
7768322
7768320
7768279
7768265
7768259
7768245
7768242
7768233
7768226
7768225
7768213
7768209
7768199
7768198
7768193
7768180
7768177
7768171
7768167
7768150
7768136
7768130
7768127
7768125
7768124
7768119
7768114
7768110
7768100
7768089
7768086
7768082
7768080
7768077
7768071
7768070
7768050
7768046
7768034
7768028
7768014
7768003
7767996
7767989
7767988
7767986
7767984
7767981
7767974
7767964
7767958
7767956
7767946
7767942
7767930
7767918
7767908
7767904
7767890
7767889
7767882
7767876
7767875
7767874
7767871
7767869
7767868
7767865
7767864
7767854
7767852
7767847
7767846
7767834
7767827
7767821
7767820
7767813
7767803
7767794
7767792
7767781
7767780
7767779
7767777
7767765
7767762
7767755
7767747
7767744
7767727
7767724
7767712
7767708
7767706
7767700
7767688
7767678
7767677
7767667
7767661
7767660
7767658
7767639
7767631
7767627
7767623
7767612
7767611
7767603
7767602
7767599
7767591
7767583
7767580
7767578
7767573
7767570
7767553
7767546
7767542
7767540
7767529
7767521
7767519
7767511
7767508
7767506
7767498
7767495
7767490
7767471
7767470
7767469
7767468
7767463
7767462
7767450
7767433
7767427
7767420
7767417
7767414
7767412
7767411
7767406
7767405
7767401
7767400
7767398
7767386
7767382
7767380
7767378
7767376
7767368
7767362
7767357
7767350
7767341
7767337
7767326
7767318
7767311
7767302
7767300
7767299
7767296
7767275
7767274
7767267
7767255
7767254
7767253
7767252
7767248
7767245
7767240
7767232
7767230
7767220
7767205
7767202
7767198
7767192
7767191
7767188
7767186
7767182
7767177
7767174
7767161
7767146
7767138
7767134
7767130
7767128
7767118
7767117
7767103
7767088
7767078
7767075
7767072
7767065
7767064
7767058
7767056
7767041
7767031
7767025
7767022
7767017
7767016
7767001
7766999
7766994
7766988
7766981
7766972
7766967
7766942
7766940
7766939
7766922
7766919
7766911
7766897
7766893
7766892
7766889
7766881
7766878
7766876
7766864
7766859
7766856
7766854
7766848
7766787
7766786
7766785
7766768
7766751
7766731
7766707
7766693
7766687
7766679
7766676
7766672
7766669
7766652
7766643
7766634
7766631
7766622
7766621
7766608
7766597
7766591
7766568
7766552
7766540
7766539
7766514
7766513
7766512
7766506
7766504
7766492
7766475
7766472
7766469
7766467
7766444
7766437
7766428
7766425
7766403
7766402
7766395
7766376
7766370
7766368
7766359
7766344
7766335
7766330
7766326
7766322
7766319
7766318
7766302
7766285
7766251
7766241
7766235
7766227
7766226
7766219
7766217
7766204
7766200
7766194
7766187
7766171
7766162
7766130
7766115
7766112
7766106
7766104
7766097
7766087
7766031
7766006
7766005
7765969
7765964
7765963
7765916
7765910
7765899
7765898
7765887
7765884
7765883
7765879
7765872
7765870
7765864
7765862
7765860
7765847
7765845
7765844
7765830
7765815
7765810
7765808
7765806
7765800
7765795
7765794
7765782
7765778
7765764
7765758
7765757
7765752
7765750
7765743
7765740
7765727
7765723
7765720
7765706
7765701
7765696
7765671
7765659
7765650
7765647
7765638
7765632
7765631
7765626
7765625
7765616
7765593
7765585
7765580
7765579
7765571
7765557
7765542
7765526
7765502
7765498
7765495
7765475
7765472
7765467
7765455
7765402
7765400
7765392
7765390
7765386
7765378
7765374
7765368
7765357
7765349
7765337
7765333
7765332
7765304
7765302
7765301
7765296
7765290
7765288
7765283
7765279
7765275
7765273
7765270
7765265
7765264
7765262
7765261
7765255
7765252
7765251
7765249
7765244
7765238
7765237
7765234
7765222
7765203
7765199
7765198
7765191
7765188
7765181
7765179
7765175
7765166
7765160
7765149
7765138
7765131
7765113
7765106
7765101
7765091
7765079
7765049
7765047
7765036
7765012
7765006
7764977
7764974
7764959
7764957
7764953
7764945
7764938
7764922
7764920
7764919
7764915
7764874
7764872
7764864
7764831
7764796
7764781
7764771
7764765
7764741
7764731
7764718
7764692
7764683
7764681
7764665
7764632
7764611
7764610
7764577
7764572
7764570
7764568
7764546
7764544
7764542
7764541
7764510
7764509
7764505
7764500
7764498
7764489
7764483
7764478
7764468
7764456
7764441
7764427
7764413
7764400
7764385
7764341
7764340
7764332
7764330
7764321
7764313
7764289
7764269
7764263
7764262
7764254
7764249
7764244
7764243
7764238
7764233
7764223
7764216
7764196
7764178
7764150
7764125
7764108
7764101
7764053
7764045
7764044
7764026
7764001
7764000
7763986
7763957
7763954
7763944
7763943
7763942
7763923
7763917
7763912
7763893
7763892
7763881
7763878
7763869
7763854
7763853
7763840
7763818
7763797
7763782
7763776
7763768
7763765
7763737
7763711
7763688
7763676
7763667
7763664
7763645
7763643
7763634
7763624
7763620
7763616
7763604
7763575
7763569
7763564
7763543
7763518
7763515
7763513
7763503
7763499
7763495
7763494
7763488
7763475
7763474
7763470
7763463
7763439
7763433
7763431
7763425
7763417
7763400
7763397
7763393
7763389
7763387
7763385
7763382
7763380
7763364
7763351
7763337
7763329
7763327
7763320
7763313
7763310
7763279
7763270
7763267
7763260
7763251
7763215
7763214
7763208
7763193
7763187
7763180
7763171
7763166
7763121
7763117
7763110
7763109
7763107
7763092
7763081
7763074
7763069
7763067
7763065
7763051
7763044
7763042
7763028
7763009
7763002
7762982
7762979
7762963
7762959
7762956
7762955
7762954
7762945
7762944
7762940
7762933
7762926
7762915
7762906
7762904
7762903
7762898
7762876
7762874
7762871
7762869
7762864
7762841
7762840
7762830
7762820
7762805
7762799
7762798
7762769
7762741
7762719
7762713
7762708
7762702
7762680
7762679
7762665
7762664
7762663
7762659
7762648
7762632
7762627
7762612
7762611
7762591
7762577
7762565
7762545
7762543
7762542
7762540
7762537
7762533
7762529
7762527
7762526
7762519
7762511
7762508
7762492
7762486
7762477
7762460
7762441
7762432
7762430
7762417
7762413
7762401
7762396
7762382
7762370
7762367
7762366
7762364
7762352
7762350
7762347
7762338
7762334
7762323
7762302
7762285
7762276
7762248
7762240
7762237
7762232
7762226
7762222
7762218
7762217
7762216
7762212
7762210
7762170
7762168
7762166
7762155
7762142
7762139
7762136
7762134
7762126
7762119
7762115
7762114
7762096
7762095
7762082
7762074
7762031
7762010
7761984
7761983
7761977
7761962
7761956
7761954
7761932
7761911
7761902
7761885
7761863
7761837
7761836
7761830
7761826
7761809
7761784
7761775
7761768
7761760
7761752
7761748
7761729
7761728
7761704
7761694
7761669
7761663
7761646
7761644
7761591
7761566
7761563
7761562
7761548
7761486
7761474
7761458
7761454
7761425
7761418
7761414
7761413
7761392
7761386
7761368
7761363
7761348
7761346
7761331
7761313
7761310
7761307
7761306
7761304
7761298
7761285
7761256
7761238
7761233
7761227
7761223
7761200
7761187
7761183
7761173
7761172
7761151
7761147
7761134
7761127
7761121
7761113
7761106
7761053
7761049
7761042
7761041
7761030
7760993
7760975
7760973
7760969
7760950
7760942
7760940
7760939
7760935
7760930
7760923
7760922
7760918
7760902
7760874
7760870
7760868
7760857
7760853
7760850
7760830
7760827
7760819
7760816
7760815
7760804
7760802
7760800
7760797
7760794
7760790
7760787
7760785
7760775
7760752
7760746
7760725
7760722
7760718
7760715
7760700
7760691
7760688
7760685
7760680
7760678
7760663
7760652
7760651
7760650
7760646
7760645
7760643
7760622
7760615
7760608
7760604
7760600
7760598
7760594
7760593
7760592
7760591
7760585
7760584
7760577
7760575
7760572
7760552
7760545
7760541
7760527
7760521
7760503
7760493
7760492
7760491
7760462
7760461
7760445
7760430
7760427
7760426
7760422
7760420
7760397
7760394
7760392
7760389
7760375
7760362
7760346
7760329
7760325
7760323
7760304
7760295
7760276
7760275
7760249
7760248
7760247
7760245
7760236
7760230
7760213
7760198
7760194
7760177
7760174
7760168
7760164
7760160
7760157
7760147
7760143
7760142
7760139
7760135
7760122
7760117
7760116
7760113
7760108
7760105
7760094
7760064
7760046
7760043
7760038
7760027
7759983
7759971
7759970
7759939
7759936
7759915
7759901
7759894
7759893
7759892
7759889
7759887
7759885
7759884
7759883
7759875
7759867
7759864
7759863
7759860
7759855
7759838
7759832
7759820
7759803
7759788
7759787
7759781
7759778
7759767
7759728
7759726
7759720
7759696
7759691
7759674
7759668
7759651
7759646
7759644
7759636
7759633
7759622
7759612
7759610
7759606
7759602
7759587
7759575
7759570
7759563
7759548
7759533
7759497
7759485
7759483
7759451
7759440
7759431
7759429
7759423
7759416
7759415
7759370
7759366
7759362
7759349
7759347
7759344
7759341
7759332
7759329
7759323
7759318
7759312
7759310
7759288
7759284
7759281
7759265
7759261
7759253
7759239
7759238
7759230
7759229
7759227
7759220
7759190
7759187
7759181
7759169
7759154
7759152
7759151
7759148
7759141
7759129
7759112
7759105
7759104
7759100
7759091
7759089
7759072
7759056
7759051
7759047
7759036
7759035
7759029
7759027
7759022
7759021
7759019
7759015
7759003
7758991
7758983
7758968
7758959
7758956
7758937
7758927
7758926
7758921
7758917
7758911
7758909
7758895
7758893
7758889
7758881
7758872
7758866
7758861
7758859
7758837
7758817
7758787
7758786
7758783
7758775
7758725
7758722
7758712
7758709
7758699
7758651
7758625
7758622
7758608
7758603
7758573
7758551
7758547
7758525
7758518
7758517
7758515
7758508
7758504
7758501
7758495
7758486
7758483
7758482
7758469
7758439
7758436
7758431
7758413
7758411
7758406
7758402
7758394
7758388
7758372
7758363
7758349
7758320
7758317
7758314
7758312
7758306
7758302
7758292
7758289
7758269
7758265
7758263
7758250
7758247
7758239
7758230
7758222
7758220
7758197
7758182
7758179
7758174
7758155
7758119
7758092
7758091
7758068
7758063
7758061
7758045
7757978
7757976
7757966
7757948
7757935
7757928
7757901
7757884
7757879
7757870
7757866
7757864
7757861
7757860
7757859
7757853
7757850
7757846
7757842
7757835
7757834
7757828
7757812
7757791
7757788
7757774
7757760
7757757
7757753
7757751
7757749
7757742
7757735
7757721
7757714
7757708
7757700
7757699
7757698
7757680
7757674
7757666
7757649
7757631
7757609
7757588
7757580
7757573
7757568
7757562
7757555
7757541
7757523
7757522
7757516
7757465
7757456
7757442
7757441
7757435
7757434
7757426
7757424
7757420
7757408
7757406
7757394
7757391
7757389
7757388
7757377
7757371
7757368
7757366
7757365
7757363
7757330
7757319
7757315
7757314
7757303
7757297
7757282
7757281
7757272
7757262
7757247
7757237
7757226
7757224
7757222
7757216
7757213
7757183
7757182
7757180
7757178
7757142
7757131
7757124
7757118
7757115
7757103
7757097
7757074
7757066
7757061
7757056
7757053
7757051
7757049
7757043
7757042
7757041
7757038
7757037
7757022
7757005
7756991
7756988
7756974
7756961
7756954
7756930
7756926
7756916
7756915
7756908
7756896
7756893
7756839
7756836
7756830
7756829
7756823
7756813
7756803
7756785
7756774
7756765
7756751
7756750
7756734
7756730
7756718
7756711
7756700
7756693
7756681
7756680
7756675
7756673
7756665
7756635
7756623
7756618
7756610
7756608
7756607
7756601
7756599
7756590
7756589
7756588
7756586
7756582
7756549
7756543
7756518
7756512
7756506
7756504
7756497
7756491
7756483
7756482
7756453
7756449
7756398
7756397
7756394
7756379
7756378
7756372
7756353
7756351
7756350
7756349
7756343
7756332
7756302
7756289
7756288
7756286
7756285
7756277
7756273
7756256
7756251
7756236
7756234
7756233
7756220
7756213
7756199
7756197
7756185
7756180
7756173
7756171
7756167
7756161
7756142
7756135
7756116
7756094
7756089
7756087
7756081
7756080
7756078
7756059
7756050
7756034
7756019
7756012
7756011
7756004
7755984
7755974
7755973
7755963
7755956
7755936
7755931
7755924
7755921
7755915
7755914
7755908
7755892
7755889
7755885
7755863
7755862
7755844
7755837
7755826
7755775
7755742
7755741
7755735
7755733
7755726
7755725
7755715
7755713
7755711
7755710
7755705
7755704
7755693
7755688
7755663
7755662
7755639
7755623
7755622
7755618
7755617
7755600
7755587
7755579
7755578
7755572
7755570
7755568
7755566
7755551
7755544
7755542
7755540
7755515
7755498
7755496
7755467
7755461
7755456
7755445
7755444
7755434
7755430
7755414
7755405
7755395
7755380
7755375
7755370
7755362
7755351
7755348
7755289
7755285
7755281
7755279
7755276
7755275
7755270
7755269
7755267
7755253
7755244
7755241
7755237
7755235
7755231
7755222
7755218
7755205
7755190
7755189
7755182
7755180
7755177
7755176
7755168
7755163
7755157
7755152
7755138
7755127
7755122
7755120
7755118
7755113
7755109
7755098
7755095
7755093
7755090
7755087
7755082
7755080
7755077
7755076
7755073
7755069
7755061
7755054
7755041
7755025
7755018
7755017
7755010
7755008
7755007
7754998
7754996
7754994
7754987
7754983
7754982
7754980
7754978
7754977
7754973
7754965
7754959
7754949
7754941
7754939
7754938
7754935
7754924
7754923
7754916
7754913
7754912
7754878
7754874
7754868
7754864
7754857
7754849
7754847
7754845
7754842
7754839
7754828
7754824
7754822
7754810
7754809
7754801
7754799
7754796
7754782
7754779
7754772
7754770
7754768
7754762
7754759
7754757
7754755
7754732
7754700
7754693
7754689
7754686
7754681
7754673
7754632
7754631
7754624
7754622
7754621
7754614
7754600
7754579
7754576
7754573
7754566
7754560
7754548
7754545
7754543
7754522
7754520
7754503
7754499
7754492
7754485
7754480
7754466
7754460
7754444
7754441
7754433
7754432
7754428
7754426
7754423
7754402
7754398
7754394
7754364
7754353
7754343
7754334
7754330
7754328
7754297
7754293
7754270
7754267
7754259
7754254
7754251
7754237
7754228
7754227
7754226
7754210
7754206
7754187
7754185
7754184
7754175
7754158
7754152
7754133
7754084
7754083
7754078
7754070
7754069
7754065
7754062
7754058
7754049
7754036
7754025
7754023
7754018
7754008
7754002
7753997
7753992
7753986
7753978
7753977
7753962
7753961
7753951
7753950
7753943
7753934
7753902
7753889
7753875
7753874
7753872
7753868
7753863
7753859
7753849
7753847
7753830
7753819
7753810
7753802
7753799
7753795
7753792
7753789
7753782
7753769
7753766
7753762
7753752
7753742
7753738
7753728
7753720
7753708
7753682
7753680
7753675
7753650
7753639
7753621
7753609
7753593
7753589
7753577
7753562
7753522
7753513
7753510
7753509
7753500
7753496
7753494
7753492
7753475
7753470
7753464
7753442
7753435
7753425
7753399
7753396
7753382
7753381
7753370
7753360
7753352
7753349
7753343
7753331
7753325
7753319
7753317
7753311
7753288
7753286
7753278
7753275
7753267
7753262
7753252
7753249
7753247
7753234
7753217
7753203
7753194
7753185
7753181
7753167
7753166
7753149
7753126
7753122
7753116
7753099
7753092
7753078
7753076
7753066
7753063
7753062
7753033
7753031
7753025
7753023
7753021
7753017
7753006
7753004
7753003
7752978
7752970
7752969
7752955
7752948
7752947
7752946
7752939
7752937
7752910
7752901
7752894
7752886
7752870
7752855
7752840
7752838
7752837
7752823
7752807
7752805
7752771
7752747
7752745
7752742
7752738
7752737
7752710
7752705
7752702
7752691
7752683
7752666
7752663
7752642
7752636
7752626
7752624
7752622
7752618
7752595
7752584
7752575
7752568
7752558
7752552
7752551
7752547
7752538
7752537
7752530
7752528
7752510
7752500
7752498
7752488
7752485
7752481
7752467
7752458
7752454
7752453
7752443
7752432
7752431
7752427
7752423
7752401
7752393
7752385
7752383
7752379
7752370
7752364
7752350
7752333
7752328
7752321
7752314
7752308
7752307
7752305
7752297
7752291
7752290
7752273
7752266
7752263
7752259
7752257
7752255
7752250
7752239
7752235
7752232
7752221
7752200
7752193
7752192
7752189
7752185
7752183
7752166
7752164
7752163
7752162
7752160
7752158
7752152
7752132
7752121
7752117
7752107
7752103
7752060
7752059
7752057
7752051
7752013
7751997
7751994
7751983
7751974
7751971
7751966
7751945
7751940
7751931
7751915
7751911
7751905
7751902
7751894
7751889
7751876
7751864
7751861
7751857
7751848
7751842
7751841
7751825
7751809
7751808
7751806
7751795
7751786
7751778
7751773
7751760
7751758
7751757
7751753
7751736
7751734
7751725
7751722
7751716
7751710
7751708
7751704
7751701
7751698
7751696
7751690
7751687
7751682
7751680
7751669
7751665
7751661
7751658
7751637
7751627
7751623
7751622
7751618
7751610
7751593
7751589
7751584
7751571
7751561
7751559
7751556
7751528
7751517
7751515
7751513
7751512
7751497
7751496
7751493
7751492
7751491
7751476
7751474
7751465
7751464
7751461
7751452
7751451
7751439
7751430
7751417
7751416
7751412
7751409
7751405
7751385
7751375
7751371
7751354
7751352
7751339
7751338
7751336
7751331
7751329
7751306
7751296
7751290
7751285
7751278
7751269
7751263
7751257
7751252
7751231
7751229
7751226
7751215
7751209
7751197
7751184
7751168
7751165
7751160
7751148
7751118
7751114
7751112
7751110
7751107
7751106
7751105
7751103
7751101
7751096
7751089
7751084
7751076
7751073
7751070
7751060
7751057
7751055
7751040
7751030
7751023
7751019
7751000
7750991
7750984
7750972
7750961
7750954
7750948
7750946
7750944
7750943
7750935
7750934
7750918
7750910
7750905
7750894
7750886
7750874
7750868
7750865
7750856
7750850
7750846
7750844
7750831
7750829
7750811
7750800
7750785
7750774
7750773
7750769
7750754
7750753
7750746
7750743
7750737
7750722
7750712
7750709
7750690
7750670
7750655
7750652
7750651
7750649
7750641
7750636
7750630
7750626
7750616
7750612
7750606
7750577
7750574
7750573
7750562
7750555
7750553
7750540
7750534
7750529
7750491
7750475
7750471
7750467
7750458
7750455
7750454
7750442
7750433
7750419
7750417
7750414
7750404
7750403
7750398
7750394
7750378
7750375
7750363
7750355
7750347
7750336
7750321
7750306
7750304
7750296
7750293
7750290
7750253
7750251
7750245
7750244
7750240
7750236
7750224
7750218
7750212
7750202
7750176
7750160
7750153
7750150
7750149
7750146
7750133
7750131
7750126
7750124
7750115
7750099
7750088
7750086
7750069
7750055
7750050
7750045
7750044
7750036
7750032
7750026
7750024
7750021
7750020
7750003
7749998
7749997
7749972
7749969
7749967
7749965
7749955
7749948
7749941
7749935
7749905
7749900
7749896
7749885
7749874
7749870
7749863
7749860
7749846
7749842
7749829
7749823
7749819
7749805
7749801
7749798
7749793
7749780
7749765
7749759
7749755
7749745
7749742
7749738
7749721
7749720
7749709
7749696
7749692
7749686
7749680
7749677
7749672
7749669
7749660
7749659
7749649
7749641
7749632
7749630
7749623
7749620
7749614
7749612
7749606
7749601
7749599
7749597
7749595
7749592
7749579
7749575
7749574
7749570
7749567
7749559
7749550
7749549
7749546
7749540
7749537
7749531
7749520
7749505
7749500
7749497
7749495
7749485
7749480
7749479
7749476
7749465
7749464
7749463
7749454
7749442
7749436
7749427
7749408
7749395
7749389
7749368
7749362
7749357
7749345
7749342
7749340
7749333
7749325
7749313
7749308
7749299
7749298
7749293
7749253
7749250
7749245
7749244
7749239
7749237
7749235
7749223
7749222
7749205
7749194
7749190
7749189
7749184
7749182
7749180
7749177
7749153
7749143
7749132
7749127
7749124
7749110
7749083
7749082
7749080
7749079
7749075
7749070
7749059
7749058
7749055
7749027
7749026
7749018
7748999
7748997
7748978
7748964
7748962
7748957
7748956
7748955
7748954
7748952
7748949
7748944
7748942
7748937
7748930
7748928
7748914
7748911
7748908
7748907
7748890
7748882
7748868
7748865
7748861
7748858
7748851
7748848
7748847
7748846
7748833
7748831
7748823
7748820
7748790
7748768
7748751
7748749
7748747
7748729
7748724
7748718
7748709
7748704
7748697
7748693
7748690
7748689
7748687
7748668
7748663
7748643
7748637
7748636
7748624
7748608
7748597
7748592
7748566
7748564
7748560
7748557
7748555
7748544
7748542
7748538
7748528
7748519
7748516
7748515
7748502
7748499
7748491
7748485
7748480
7748477
7748458
7748448
7748447
7748440
7748413
7748412
7748403
7748396
7748386
7748384
7748378
7748371
7748369
7748360
7748352
7748339
7748333
7748330
7748321
7748294
7748293
7748292
7748290
7748269
7748268
7748249
7748233
7748231
7748225
7748215
7748210
7748200
7748196
7748188
7748186
7748184
7748183
7748182
7748163
7748156
7748147
7748141
7748139
7748109
7748096
7748092
7748088
7748087
7748082
7748080
7748079
7748076
7748075
7748069
7748060
7748055
7748047
7748042
7748041
7748038
7748032
7748029
7748008
7747986
7747983
7747982
7747973
7747966
7747964
7747957
7747945
7747938
7747934
7747930
7747927
7747921
7747918
7747907
7747883
7747860
7747843
7747834
7747814
7747813
7747805
7747799
7747798
7747797
7747774
7747768
7747751
7747747
7747739
7747735
7747734
7747725
7747723
7747714
7747711
7747702
7747689
7747686
7747657
7747645
7747637
7747631
7747630
7747624
7747623
7747616
7747615
7747606
7747603
7747600
7747597
7747591
7747589
7747568
7747566
7747561
7747559
7747555
7747552
7747548
7747543
7747526
7747521
7747518
7747517
7747516
7747511
7747487
7747471
7747466
7747465
7747453
7747452
7747445
7747427
7747426
7747422
7747406
7747403
7747392
7747383
7747378
7747361
7747347
7747344
7747329
7747319
7747318
7747308
7747299
7747297
7747287
7747275
7747256
7747208
7747183
7747179
7747157
7747120
7747116
7747113
7747110
7747107
7747085
7747082
7747076
7747041
7747016
7747009
7747000
7746973
7746972
7746951
7746945
7746913
7746908
7746890
7746886
7746880
7746857
7746850
7746847
7746837
7746829
7746822
7746820
7746813
7746810
7746796
7746793
7746792
7746790
7746773
7746771
7746766
7746750
7746737
7746722
7746683
7746682
7746671
7746668
7746664
7746658
7746655
7746644
7746637
7746636
7746623
7746596
7746589
7746585
7746582
7746573
7746572
7746555
7746552
7746534
7746530
7746529
7746519
7746514
7746505
7746503
7746495
7746481
7746473
7746463
7746456
7746446
7746444
7746441
7746430
7746429
7746421
7746420
7746413
7746411
7746402
7746391
7746388
7746381
7746375
7746372
7746371
7746335
7746312
7746295
7746292
7746267
7746246
7746245
7746241
7746230
7746214
7746204
7746192
7746179
7746164
7746132
7746129
7746118
7746116
7746091
7746078
7746077
7746071
7746059
7746049
7746042
7746013
7746010
7745992
7745991
7745989
7745980
7745968
7745963
7745959
7745954
7745947
7745943
7745942
7745913
7745901
7745897
7745894
7745893
7745892
7745884
7745873
7745871
7745867
7745863
7745862
7745857
7745844
7745830
7745813
7745798
7745787
7745768
7745762
7745756
7745748
7745740
7745720
7745717
7745710
7745697
7745672
7745665
7745662
7745644
7745612
7745601
7745580
7745572
7745567
7745561
7745560
7745552
7745550
7745547
7745542
7745510
7745509
7745506
7745500
7745496
7745494
7745491
7745489
7745459
7745442
7745440
7745438
7745437
7745428
7745425
7745424
7745410
7745408
7745405
7745397
7745378
7745368
7745364
7745363
7745359
7745356
7745355
7745325
7745324
7745315
7745314
7745311
7745308
7745267
7745258
7745253
7745249
7745241
7745234
7745231
7745179
7745166
7745090
7745080
7745064
7745056
7745053
7745043
7745030
7745029
7745028
7745019
7745018
7745016
7745006
7744988
7744969
7744952
7744935
7744919
7744918
7744916
7744893
7744889
7744879
7744872
7744861
7744860
7744859
7744852
7744847
7744843
7744842
7744841
7744819
7744808
7744792
7744785
7744780
7744778
7744777
7744771
7744767
7744765
7744752
7744735
7744733
7744725
7744724
7744715
7744694
7744691
7744674
7744669
7744657
7744642
7744634
7744627
7744619
7744618
7744612
7744602
7744594
7744591
7744589
7744588
7744581
7744577
7744572
7744568
7744567
7744559
7744554
7744542
7744541
7744534
7744529
7744526
7744522
7744520
7744517
7744516
7744515
7744507
7744506
7744484
7744479
7744475
7744464
7744459
7744458
7744449
7744437
7744431
7744430
7744420
7744418
7744405
7744404
7744403
7744393
7744392
7744388
7744385
7744374
7744369
7744363
7744358
7744350
7744346
7744340
7744323
7744317
7744310
7744303
7744301
7744298
7744294
7744281
7744278
7744224
7744214
7744193
7744178
7744176
7744174
7744163
7744155
7744146
7744136
7744135
7744133
7744126
7744125
7744103
7744092
7744089
7744086
7744081
7744058
7744041
7744040
7744038
7744037
7744030
7744022
7744001
7743999
7743992
7743989
7743979
7743975
7743974
7743972
7743970
7743965
7743959
7743954
7743952
7743949
7743940
7743933
7743923
7743921
7743912
7743895
7743894
7743887
7743879
7743876
7743869
7743866
7743862
7743823
7743817
7743809
7743803
7743793
7743775
7743763
7743756
7743755
7743738
7743736
7743724
7743706
7743705
7743704
7743690
7743683
7743670
7743665
7743655
7743654
7743651
7743641
7743638
7743620
7743618
7743604
7743600
7743576
7743573
7743564
7743560
7743557
7743550
7743545
7743543
7743540
7743531
7743525
7743524
7743521
7743516
7743515
7743495
7743487
7743483
7743477
7743472
7743448
7743447
7743434
7743433
7743431
7743417
7743402
7743395
7743393
7743391
7743380
7743378
7743371
7743365
7743363
7743359
7743345
7743343
7743341
7743332
7743326
7743325
7743320
7743316
7743293
7743276
7743270
7743267
7743262
7743257
7743250
7743247
7743244
7743230
7743219
7743216
7743213
7743186
7743181
7743175
7743171
7743167
7743160
7743156
7743155
7743153
7743152
7743145
7743140
7743135
7743130
7743116
7743096
7743095
7743091
7743083
7743078
7743065
7743064
7743063
7743062
7743047
7743037
7743036
7743031
7743029
7743027
7743025
7743024
7743014
7743010
7743004
7743001
7742999
7742993
7742986
7742985
7742979
7742975
7742963
7742950
7742946
7742945
7742936
7742931
7742913
7742911
7742894
7742890
7742889
7742882
7742878
7742872
7742861
7742849
7742840
7742832
7742831
7742829
7742812
7742807
7742799
7742792
7742784
7742777
7742775
7742772
7742770
7742768
7742754
7742751
7742749
7742740
7742719
7742715
7742697
7742695
7742684
7742673
7742661
7742648
7742642
7742640
7742637
7742634
7742631
7742615
7742597
7742568
7742565
7742550
7742542
7742479
7742464
7742455
7742454
7742443
7742427
7742416
7742412
7742407
7742403
7742399
7742396
7742389
7742383
7742373
7742355
7742339
7742338
7742337
7742318
7742307
7742294
7742291
7742280
7742279
7742278
7742262
7742249
7742248
7742245
7742231
7742221
7742212
7742207
7742203
7742187
7742179
7742164
7742160
7742117
7742107
7742095
7742092
7742090
7742088
7742074
7742073
7742066
7742064
7742056
7742049
7742037
7742017
7742010
7741999
7741979
7741978
7741973
7741967
7741963
7741959
7741951
7741948
7741947
7741944
7741937
7741936
7741926
7741919
7741882
7741871
7741870
7741845
7741824
7741806
7741795
7741783
7741770
7741745
7741742
7741740
7741737
7741724
7741704
7741693
7741691
7741685
7741683
7741654
7741653
7741634
7741610
7741603
7741583
7741581
7741579
7741564
7741553
7741532
7741516
7741499
7741489
7741485
7741466
7741450
7741448
7741443
7741421
7741409
7741391
7741372
7741369
7741355
7741331
7741313
7741311
7741301
7741285
7741278
7741272
7741240
7741238
7741232
7741226
7741225
7741212
7741210
7741197
7741181
7741176
7741170
7741160
7741156
7741145
7741144
7741127
7741125
7741116
7741102
7741076
7741066
7741059
7741055
7741054
7741052
7741046
7741042
7741037
7741032
7741005
7740997
7740985
7740978
7740975
7740971
7740967
7740963
7740958
7740936
7740933
7740925
7740919
7740907
7740905
7740896
7740895
7740890
7740889
7740867
7740863
7740862
7740854
7740853
7740836
7740826
7740824
7740816
7740809
7740808
7740782
7740773
7740772
7740766
7740764
7740745
7740742
7740741
7740719
7740700
7740697
7740696
7740684
7740675
7740667
7740656
7740655
7740652
7740637
7740620
7740603
7740596
7740587
7740585
7740584
7740580
7740561